0 3768 7927 8619 9275 7706 5112 9483 5167 
3768 0 1945 9361 5297 7092 9955 7232 3716 
7927 1945 0 7058 7878 1525 4734 8782 4754 
8619 9361 7058 0 2616 9057 5188 2903 5408 
9275 5297 7878 2616 0 1738 9836 6043 3206 
7706 7092 1525 9057 1738 0 6604 4337 8881 
5112 9955 4734 5188 9836 6604 0 1117 2082 
9483 7232 8782 2903 6043 4337 1117 0 2708 
5167 3716 4754 5408 3206 8881 2082 2708 0 
